4 1
12 2
20 3
28 4
36 5
49 6
59 1
67 2
75 3
83 4
91 5
99 6
107 1
115 2
123 3
134 4
142 5
150 6
158 1
166 2
174 3
182 4
190 5
198 6
206 1
214 2
222 3
230 4
238 5
248 6
256 7
264 1
272 2
280 3
290 4
298 5
311 6
319 7
327 1
335 2
343 3
351 4
359 5
367 6
375 1
383 2
391 3
399 4
407 5
415 6
423 1
431 2
439 3
452 4
460 5
468 6
476 1
484 2
492 3
500 4
508 5
516 6
524 1
532 2
540 3
548 4
558 5
566 6
574 7
582 1
590 2
598 3
611 4
621 5
634 6
642 7
650 1
658 2
666 3
674 4
682 5
690 6
698 1
706 2
714 3
722 4
730 5
738 6
746 1
754 2
762 3
770 4
778 5
786 6
794 1
802 2
810 3
818 4
826 5
834 6
845 1
855 2
863 3
871 4
879 5
887 6
895 7
903 1
911 2
921 3
931 4
939 5
947 6
955 7
966 1
974 2
984 3
992 4
1002 5
1013 6
1021 1
1031 2
1039 3
1047 4
