4 1
12 2
20 3
28 4
36 5
44 6
54 7
62 1
70 2
80 3
88 4
96 5
104 6
112 7
120 1
128 2
136 3
144 4
157 5
165 6
173 1
181 2
189 3
197 4
205 5
213 6
223 7
231 1
239 2
247 3
255 4
263 5
271 6
279 1
287 2
295 3
303 4
316 5
324 6
332 1
340 2
348 3
356 4
364 5
372 6
380 1
388 2
396 3
404 4
412 5
420 6
428 1
436 2
444 3
452 4
460 5
468 6
476 1
484 2
492 3
500 4
508 5
516 6
524 1
532 2
540 3
550 4
558 5
566 6
574 1
584 2
592 3
600 4
608 5
616 6
624 7
632 1
640 2
648 3
656 4
664 5
672 6
680 1
688 2
696 3
707 4
715 5
723 6
731 1
739 2
747 3
755 4
763 5
771 6
779 1
789 2
797 3
808 4
816 5
824 6
832 7
840 1
848 2
856 3
864 4
872 5
880 6
888 1
896 2
904 3
912 4
920 5
928 6
941 1
949 2
957 3
965 4
973 5
981 6
989 1
997 2
1005 3
1013 4
1021 5
1029 6
