4 0
12 0
20 0
28 0
36 0
49 0
59 1
67 1
75 1
83 1
91 1
99 1
107 2
115 2
123 2
134 2
142 2
150 2
158 3
166 3
174 3
182 3
190 3
198 3
206 4
214 4
222 4
230 4
238 4
248 4
256 4
264 5
272 5
280 5
290 5
298 5
311 5
319 5
327 6
335 6
343 6
351 6
359 6
367 6
375 7
383 7
391 7
399 7
407 7
415 7
423 8
431 8
439 8
452 8
460 8
468 8
476 9
484 9
492 9
500 9
508 9
516 9
524 10
532 10
540 10
548 10
558 10
566 10
574 10
582 11
590 11
598 11
611 11
621 11
634 11
642 11
650 12
658 12
666 12
674 12
682 12
690 12
698 13
706 13
714 13
722 13
730 13
738 13
746 14
754 14
762 14
770 14
778 14
786 14
794 15
802 15
810 15
818 15
826 15
834 15
845 16
855 16
863 16
871 16
879 16
887 16
895 16
903 17
911 17
921 17
931 17
939 17
947 17
955 17
966 18
974 18
984 18
992 18
1002 18
1013 18
1021 19
1031 19
1039 19
1047 19
