4 0
12 0
20 0
28 0
36 0
44 0
54 0
62 1
70 1
80 1
88 1
96 1
104 1
112 1
120 2
128 2
136 2
144 2
157 2
165 2
173 3
181 3
189 3
197 3
205 3
213 3
223 3
231 4
239 4
247 4
255 4
263 4
271 4
279 5
287 5
295 5
303 5
316 5
324 5
332 6
340 6
348 6
356 6
364 6
372 6
380 7
388 7
396 7
404 7
412 7
420 7
428 8
436 8
444 8
452 8
460 8
468 8
476 9
484 9
492 9
500 9
508 9
516 9
524 10
532 10
540 10
550 10
558 10
566 10
574 11
584 11
592 11
600 11
608 11
616 11
624 11
632 12
640 12
648 12
656 12
664 12
672 12
680 13
688 13
696 13
707 13
715 13
723 13
731 14
739 14
747 14
755 14
763 14
771 14
779 15
789 15
797 15
808 15
816 15
824 15
832 15
840 16
848 16
856 16
864 16
872 16
880 16
888 17
896 17
904 17
912 17
920 17
928 17
941 18
949 18
957 18
965 18
973 18
981 18
989 19
997 19
1005 19
1013 19
1021 19
1029 19
